0	33.333333
1	14.814815
2	8.230453
3	5.974699
4	4.755373
5	3.879264
6	3.233975
7	2.832392
8	2.537593
9	2.286584
10	2.071945
11	1.887357
12	1.727622
13	1.608163
14	1.509784
15	1.420099
16	1.338256
17	1.263453
18	1.194967
19	1.132139
20	1.074378
21	1.027329
22	0.986340
23	0.947726
24	0.911324
25	0.876986
26	0.844571
27	0.813948
28	0.784991
29	0.757584
30	0.731649
31	0.709381
32	0.689392
33	0.670195
34	0.651754
35	0.634034
36	0.617001
37	0.600624
38	0.584870
39	0.569710
40	0.555115
41	0.541059
42	0.527515
43	0.515359
44	0.504308
45	0.493570
46	0.483147
47	0.473046
48	0.463230
49	0.453688
50	0.444413
51	0.435394
52	0.426625
53	0.418095
54	0.409798
55	0.401725
56	0.393869
57	0.386485
58	0.379820
59	0.373299
60	0.366918
61	0.360675
62	0.354567
63	0.348590
64	0.342742
65	0.337019
66	0.331419
67	0.325939
68	0.320576
69	0.315326
70	0.310188
71	0.305159
72	0.300236
73	0.295420
74	0.291121
75	0.286897
76	0.282748
77	0.278671
78	0.274666
79	0.270732
80	0.266867
81	0.263070
82	0.259340
83	0.255676
84	0.252077
85	0.248540
86	0.245066
87	0.241652
88	0.238299
89	0.235003
90	0.231766
91	0.228585
92	0.225599
93	0.222754
94	0.219952
95	0.217193
96	0.214474
97	0.211797
98	0.209160
99	0.206563
100	0.204005
101	0.201486
102	0.199011
103	0.196576
104	0.194178
105	0.191816
106	0.189490
107	0.187198
108	0.184940
109	0.182716
110	0.180525
111	0.178366
112	0.176240
113	0.174261
114	0.172327
115	0.170419
116	0.168535
117	0.166676
118	0.164842
119	0.163032
120	0.161246
121	0.159483
122	0.157744
123	0.156027
124	0.154333
125	0.152661
126	0.151011
127	0.149383
128	0.147776
129	0.146190
130	0.144625
131	0.143080
132	0.141556
133	0.140051
134	0.138566
135	0.137116
136	0.135749
137	0.134398
138	0.133063
139	0.131744
140	0.130440
141	0.129151
142	0.127878
143	0.126619
144	0.125376
145	0.124147
146	0.122932
147	0.121731
148	0.120545
149	0.119372
150	0.118213
151	0.117068
152	0.115936
153	0.114817
154	0.113711
155	0.112619
156	0.111538
157	0.110471
158	0.109415
159	0.108372
160	0.107361
161	0.106390
162	0.105430
163	0.104480
164	0.103540
165	0.102610
166	0.101689
167	0.100779
168	0.099878
169	0.098986
170	0.098104
171	0.097231
172	0.096368
173	0.095513
174	0.094668
175	0.093831
176	0.093003
177	0.092184
178	0.091374
179	0.090571
180	0.089778
181	0.088992
182	0.088215
183	0.087446
184	0.086685
185	0.085931
186	0.085186
187	0.084460
188	0.083760
189	0.083067
190	0.082381
191	0.081701
192	0.081027
193	0.080360
194	0.079700
195	0.079045
196	0.078397
197	0.077756
198	0.077120
199	0.076490
200	0.075867
201	0.075249
202	0.074637
203	0.074031
204	0.073430
205	0.072836
206	0.072247
207	0.071663
208	0.071085
209	0.070513
210	0.069946
211	0.069384
212	0.068827
213	0.068276
214	0.067730
215	0.067189
216	0.066653
217	0.066135
218	0.065628
219	0.065125
220	0.064626
221	0.064132
222	0.063642
223	0.063156
224	0.062674
225	0.062197
226	0.061724
227	0.061254
228	0.060789
229	0.060328
230	0.059871
231	0.059418
232	0.058968
233	0.058523
234	0.058081
235	0.057643
236	0.057209
237	0.056779
238	0.056352
239	0.055929
240	0.055510
241	0.055094
242	0.054682
243	0.054273
244	0.053867
245	0.053466
246	0.053067
247	0.052672
248	0.052280
249	0.051892
250	0.051508
251	0.051138
252	0.050770
253	0.050405
254	0.050043
255	0.049683
256	0.049327
257	0.048974
258	0.048623
259	0.048275
260	0.047930
261	0.047587
262	0.047247
263	0.046910
264	0.046576
265	0.046244
266	0.045914
267	0.045588
268	0.045264
269	0.044942
270	0.044623
271	0.044306
272	0.043992
273	0.043680
274	0.043371
275	0.043064
276	0.042760
277	0.042457
278	0.042158
279	0.041860
280	0.041565
281	0.041272
282	0.040981
283	0.040693
284	0.040407
285	0.040123
286	0.039841
287	0.039561
288	0.039284
289	0.039008
290	0.038735
291	0.038467
292	0.038204
293	0.037943
294	0.037683
295	0.037426
296	0.037170
297	0.036916
298	0.036664
299	0.036414
300	0.036166
301	0.035919
302	0.035675
303	0.035432
304	0.035191
305	0.034951
306	0.034713
307	0.034477
308	0.034243
309	0.034010
310	0.033779
311	0.033550
312	0.033322
313	0.033096
314	0.032872
315	0.032649
316	0.032428
317	0.032208
318	0.031990
319	0.031774
320	0.031559
321	0.031345
322	0.031133
323	0.030923
324	0.030714
325	0.030506
326	0.030301
327	0.030096
328	0.029893
329	0.029691
330	0.029491
331	0.029293
332	0.029095
333	0.028899
334	0.028705
335	0.028512
336	0.028320
337	0.028129
338	0.027940
339	0.027752
340	0.027566
341	0.027381
342	0.027197
343	0.027014
344	0.026833
345	0.026653
346	0.026474
347	0.026297
348	0.026123
349	0.025951
350	0.025779
351	0.025609
352	0.025440
353	0.025272
354	0.025105
355	0.024939
356	0.024775
357	0.024611
358	0.024449
359	0.024288
360	0.024127
361	0.023968
362	0.023810
363	0.023653
364	0.023497
365	0.023343
366	0.023189
367	0.023036
368	0.022884
369	0.022734
370	0.022584
371	0.022435
372	0.022288
373	0.022141
374	0.021995
375	0.021850
376	0.021707
377	0.021564
378	0.021422
379	0.021281
380	0.021141
381	0.021002
382	0.020864
383	0.020727
384	0.020591
385	0.020456
386	0.020321
387	0.020188
388	0.020055
389	0.019923
390	0.019793
391	0.019663
392	0.019534
393	0.019405
394	0.019278
395	0.019152
396	0.019026
397	0.018901
398	0.018777
399	0.018654
400	0.018532
401	0.018410
402	0.018289
403	0.018169
404	0.018050
405	0.017932
406	0.017815
407	0.017698
408	0.017582
409	0.017467
410	0.017352
411	0.017239
412	0.017126
413	0.017014
414	0.016902
415	0.016791
416	0.016682
417	0.016572
418	0.016464
419	0.016356
420	0.016249
421	0.016143
422	0.016037
423	0.015932
424	0.015828
425	0.015724
426	0.015622
427	0.015519
428	0.015418
429	0.015317
430	0.015217
431	0.015118
432	0.015019
433	0.014921
434	0.014823
435	0.014726
436	0.014630
437	0.014534
438	0.014439
439	0.014345
440	0.014251
441	0.014158
442	0.014066
443	0.013974
444	0.013883
445	0.013792
446	0.013702
447	0.013613
448	0.013524
449	0.013435
450	0.013348
451	0.013261
452	0.013174
453	0.013088
454	0.013003
455	0.012918
456	0.012834
457	0.012750
458	0.012667
459	0.012584
460	0.012502
461	0.012421
462	0.012340
463	0.012260
464	0.012180
465	0.012101
466	0.012022
467	0.011944
468	0.011867
469	0.011790
470	0.011713
471	0.011637
472	0.011562
473	0.011487
474	0.011412
475	0.011338
476	0.011265
477	0.011192
478	0.011119
479	0.011047
480	0.010975
481	0.010904
482	0.010833
483	0.010763
484	0.010693
485	0.010624
486	0.010555
487	0.010487
488	0.010418
489	0.010351
490	0.010284
491	0.010217
492	0.010151
493	0.010085
494	0.010020
495	0.009955
496	0.009890
497	0.009826
498	0.009762
499	0.009699
500	0.009636
501	0.009573
502	0.009511
503	0.009450
504	0.009388
505	0.009328
506	0.009267
507	0.009207
508	0.009147
509	0.009088
510	0.009029
511	0.008970
512	0.008912
513	0.008855
514	0.008797
515	0.008740
516	0.008683
517	0.008627
518	0.008571
519	0.008516
520	0.008460
521	0.008406
522	0.008351
523	0.008297
524	0.008243
525	0.008190
526	0.008137
527	0.008084
528	0.008031
529	0.007979
530	0.007928
531	0.007876
532	0.007825
533	0.007774
534	0.007724
535	0.007674
536	0.007624
537	0.007575
538	0.007526
539	0.007477
540	0.007428
541	0.007380
542	0.007332
543	0.007285
544	0.007238
545	0.007191
546	0.007144
547	0.007098
548	0.007052
549	0.007006
550	0.006961
551	0.006916
552	0.006871
553	0.006826
554	0.006782
555	0.006738
556	0.006694
557	0.006651
558	0.006608
559	0.006565
560	0.006523
561	0.006480
562	0.006438
563	0.006397
564	0.006355
565	0.006314
566	0.006273
567	0.006232
568	0.006192
569	0.006152
570	0.006112
571	0.006072
572	0.006033
573	0.005994
574	0.005955
575	0.005917
576	0.005878
577	0.005840
578	0.005802
579	0.005765
580	0.005727
581	0.005690
582	0.005653
583	0.005617
584	0.005580
585	0.005544
586	0.005508
587	0.005473
588	0.005437
589	0.005402
590	0.005367
591	0.005332
592	0.005298
593	0.005263
594	0.005229
595	0.005195
596	0.005162
597	0.005128
598	0.005095
599	0.005062
600	0.005029
601	0.004997
602	0.004964
603	0.004932
604	0.004900
605	0.004868
606	0.004837
607	0.004805
608	0.004774
609	0.004743
610	0.004713
611	0.004682
612	0.004652
613	0.004622
614	0.004592
615	0.004562
616	0.004532
617	0.004503
618	0.004474
619	0.004445
620	0.004416
621	0.004387
622	0.004359
623	0.004331
624	0.004303
625	0.004275
626	0.004247
627	0.004220
628	0.004192
629	0.004165
630	0.004138
631	0.004111
632	0.004085
633	0.004058
634	0.004032
635	0.004006
636	0.003980
637	0.003954
638	0.003929
639	0.003903
640	0.003878
641	0.003853
642	0.003828
643	0.003803
644	0.003778
645	0.003754
646	0.003730
647	0.003705
648	0.003681
649	0.003658
650	0.003634
651	0.003610
652	0.003587
653	0.003564
654	0.003541
655	0.003518
656	0.003495
657	0.003472
658	0.003450
659	0.003427
660	0.003405
661	0.003383
662	0.003361
663	0.003339
664	0.003318
665	0.003296
666	0.003275
667	0.003254
668	0.003233
669	0.003212
670	0.003191
671	0.003170
672	0.003150
673	0.003129
674	0.003109
675	0.003089
676	0.003069
677	0.003049
678	0.003029
679	0.003010
680	0.002990
681	0.002971
682	0.002952
683	0.002933
684	0.002914
685	0.002895
686	0.002876
687	0.002857
688	0.002839
689	0.002820
690	0.002802
691	0.002784
692	0.002766
693	0.002748
694	0.002730
695	0.002713
696	0.002695
697	0.002678
698	0.002660
699	0.002643
700	0.002626
701	0.002609
702	0.002592
703	0.002575
704	0.002558
705	0.002542
706	0.002525
707	0.002509
708	0.002493
709	0.002477
710	0.002461
711	0.002445
712	0.002429
713	0.002413
714	0.002398
715	0.002382
716	0.002367
717	0.002351
718	0.002336
719	0.002321
720	0.002306
721	0.002291
722	0.002276
723	0.002261
724	0.002247
725	0.002232
726	0.002218
727	0.002203
728	0.002189
729	0.002175
730	0.002161
731	0.002147
732	0.002133
733	0.002119
734	0.002105
735	0.002092
736	0.002078
737	0.002065
738	0.002051
739	0.002038
740	0.002025
741	0.002012
742	0.001999
743	0.001986
744	0.001973
745	0.001960
746	0.001947
747	0.001935
748	0.001922
749	0.001910
750	0.001898
751	0.001885
752	0.001873
753	0.001861
754	0.001849
755	0.001837
756	0.001825
757	0.001813
758	0.001801
759	0.001790
760	0.001778
761	0.001767
762	0.001755
763	0.001744
764	0.001733
765	0.001721
766	0.001710
767	0.001699
768	0.001688
769	0.001677
770	0.001666
771	0.001656
772	0.001645
773	0.001634
774	0.001624
775	0.001613
776	0.001603
777	0.001592
778	0.001582
779	0.001572
780	0.001561
781	0.001551
782	0.001541
783	0.001531
784	0.001521
785	0.001512
786	0.001502
787	0.001492
788	0.001482
789	0.001473
790	0.001463
791	0.001454
792	0.001444
793	0.001435
794	0.001426
795	0.001417
796	0.001407
797	0.001398
798	0.001389
799	0.001380
800	0.001371
801	0.001362
802	0.001354
803	0.001345
804	0.001336
805	0.001327
806	0.001319
807	0.001310
808	0.001302
809	0.001293
810	0.001285
811	0.001277
812	0.001268
813	0.001260
814	0.001252
815	0.001244
816	0.001236
817	0.001228
818	0.001220
819	0.001212
820	0.001204
821	0.001196
822	0.001189
823	0.001181
824	0.001173
825	0.001166
826	0.001158
827	0.001151
828	0.001143
829	0.001136
830	0.001128
831	0.001121
832	0.001114
833	0.001107
834	0.001099
835	0.001092
836	0.001085
837	0.001078
838	0.001071
839	0.001064
840	0.001057
841	0.001051
842	0.001044
843	0.001037
844	0.001030
845	0.001024
846	0.001017
847	0.001010
848	0.001004
849	0.000997
850	0.000991
851	0.000985
852	0.000978
853	0.000972
854	0.000966
855	0.000959
856	0.000953
857	0.000947
858	0.000941
859	0.000935
860	0.000929
861	0.000923
862	0.000917
863	0.000911
864	0.000905
865	0.000899
866	0.000893
867	0.000887
868	0.000882
869	0.000876
870	0.000870
871	0.000865
872	0.000859
873	0.000853
874	0.000848
875	0.000842
876	0.000837
877	0.000832
878	0.000826
879	0.000821
880	0.000815
881	0.000810
882	0.000805
883	0.000800
884	0.000795
885	0.000789
886	0.000784
887	0.000779
888	0.000774
889	0.000769
890	0.000764
891	0.000759
892	0.000754
893	0.000749
894	0.000745
895	0.000740
896	0.000735
897	0.000730
898	0.000725
899	0.000721
900	0.000716
901	0.000711
902	0.000707
903	0.000702
904	0.000698
905	0.000693
906	0.000689
907	0.000684
908	0.000680
909	0.000675
910	0.000671
911	0.000667
912	0.000662
913	0.000658
914	0.000654
915	0.000650
916	0.000645
917	0.000641
918	0.000637
919	0.000633
920	0.000629
921	0.000625
922	0.000621
923	0.000617
924	0.000613
925	0.000609
926	0.000605
927	0.000601
928	0.000597
929	0.000593
930	0.000589
931	0.000585
932	0.000582
933	0.000578
934	0.000574
935	0.000570
936	0.000567
937	0.000563
938	0.000559
939	0.000556
940	0.000552
941	0.000549
942	0.000545
943	0.000542
944	0.000538
945	0.000535
946	0.000531
947	0.000528
948	0.000524
949	0.000521
950	0.000518
951	0.000514
952	0.000511
953	0.000508
954	0.000504
955	0.000501
956	0.000498
957	0.000495
958	0.000491
959	0.000488
960	0.000485
961	0.000482
962	0.000479
963	0.000476
964	0.000473
965	0.000469
966	0.000466
967	0.000463
968	0.000460
969	0.000457
970	0.000454
971	0.000452
972	0.000449
973	0.000446
974	0.000443
975	0.000440
976	0.000437
977	0.000434
978	0.000431
979	0.000429
980	0.000426
981	0.000423
982	0.000420
983	0.000418
984	0.000415
985	0.000412
986	0.000410
987	0.000407
988	0.000404
989	0.000402
990	0.000399
991	0.000397
992	0.000394
993	0.000391
994	0.000389
995	0.000386
996	0.000384
997	0.000381
998	0.000379
999	0.000376
