100.000000
0.000000
0.000000
0.000000
0.000000
0.000000
0.000000
0.000000
0.000000
0.000000
0.000000
0.000000
0.000000
0.000000
0.000000
0.000000
0.000000
0.000000
0.000000
0.000000
0.000000
0.000000
0.000000
0.000000
0.000000
0.000000
0.000000
0.000000
0.000000
0.000000
0.000000
0.000000
0.000000
0.000000
0.000000
0.000000
0.000000
0.000000
0.000000
0.000000

100.000000
49.927579
30.090184
20.722835
15.562798
12.356345
10.178618
8.600504
7.400666
6.454585
5.687161
5.050493
4.512616
4.051381
3.650954
3.299700
2.988871
2.711748
2.463073
2.238662
2.035128
1.849696
1.680054
1.524256
1.380642
1.247778
1.124414
1.009449
0.901902
0.800891
0.705617
0.615348
0.529406
0.447162
0.368024
0.291429
0.216841
0.143742
0.071627
0.000000

100.000000
69.620142
49.710342
37.238386
29.172046
23.684007
19.757672
16.822788
14.547635
12.730582
11.243637
10.002274
8.948671
8.042042
7.252823
6.559067
5.944130
5.395143
4.901980
4.456541
4.052251
3.683695
3.346357
3.036420
2.750621
2.486138
2.240509
2.011555
1.797338
1.596111
1.406290
1.226421
1.055161
0.891259
0.733537
0.580878
0.432213
0.286512
0.142770
0.000000

100.000000
78.842667
61.892686
49.348368
40.203050
33.450033
28.345358
24.385432
21.236608
18.676582
16.554654
14.766423
13.237890
11.915435
10.759376
9.739766
8.833593
8.022872
7.293320
6.633429
6.033796
5.486633
4.985412
4.524594
4.099426
3.705785
3.340059
2.999049
2.679899
2.380033
2.097108
1.828972
1.573636
1.329242
1.094042
0.866375
0.644653
0.427342
0.212947
0.000000

100.000000
83.857866
69.669414
58.059411
48.841835
41.567816
35.788409
31.137104
27.336927
24.184640
21.532145
19.271051
17.321221
15.622631
14.129685
12.807240
11.627822
10.569649
9.615219
8.750281
7.963090
7.243845
6.584276
5.977325
5.416904
4.897709
4.415075
3.964855
3.543338
3.147163
2.773271
2.418845
2.081275
1.758123
1.447088
1.145987
0.852726
0.565282
0.281686
0.000000

100.000000
86.919418
74.867751
64.378107
55.537167
48.191109
42.103503
37.037811
32.789538
29.193104
26.118448
23.464646
21.153553
19.124436
17.329753
15.731954
14.301078
13.012962
11.847904
10.789665
9.824714
8.941655
8.130792
7.383788
6.693409
6.053317
5.457906
4.902179
4.381636
3.892200
3.430139
2.992014
2.574632
2.175001
1.790297
1.417833
1.055034
0.699408
0.348526
0.000000

100.000000
88.952097
78.504133
69.048198
60.737741
53.556099
47.396859
42.121297
37.590531
33.680032
30.284154
27.315806
24.704201
22.392109
20.333251
18.490069
16.831905
15.333550
13.974106
12.736098
11.604781
10.567601
9.613771
8.733940
7.919932
7.164535
6.461334
5.804579
5.189074
4.610087
4.063276
3.544627
3.050401
2.577091
2.121379
1.680105
1.250234
0.828829
0.413024
0.000000

100.000000
90.384888
81.148567
72.572926
64.809643
57.898861
51.806741
46.460218
41.771510
37.652620
34.022631
30.810543
27.955675
25.406902
23.121438
21.063541
19.203306
17.515616
15.979264
14.576232
13.291101
12.110581
11.023127
10.018637
9.088200
8.223897
7.418640
6.666036
5.960280
5.296062
4.668491
4.073030
3.505443
2.961744
2.438157
1.931079
1.437043
0.952695
0.474756
0.000000

100.000000
91.438943
83.132412
75.285426
68.029208
61.423160
55.471254
50.141586
45.382960
41.136622
37.343548
33.948423
30.901436
28.158784
25.682473
23.439778
21.402596
19.546783
17.851546
16.298907
14.873250
13.560928
12.349947
11.229697
10.190735
9.224599
8.323658
7.480990
6.690270
5.945687
5.241866
4.573803
3.936810
3.326468
2.738577
2.169126
1.614251
1.070203
0.533322
0.000000

100.000000
92.238532
84.656818
77.407299
70.598785
64.293539
58.513784
53.252202
48.482445
44.167711
40.266896
36.738568
33.543286
30.644771
28.010350
25.610974
23.421000
21.417863
19.581720
17.895094
16.342553
14.910417
13.586508
12.359930
11.220890
10.160532
9.170812
8.244379
7.374482
6.554881
5.779784
5.043774
4.341764
3.668941
3.020725
2.392730
1.780725
1.180603
0.588347
0.000000

100.000000
92.858436
85.849140
79.088324
72.665295
66.638665
61.038420
55.871311
51.127258
46.785264
42.818169
39.196108
35.888834
32.867147
30.103683
27.573285
25.253093
23.122483
21.162913
19.357732
17.691984
16.152206
14.726253
13.403130
12.172848
11.026294
9.955122
8.951652
8.008787
7.119934
6.278942
5.480041
4.717790
3.987028
3.282834
2.600485
1.935418
1.283198
0.639486
0.000000

100.000000
93.346146
86.793104
80.431729
74.335619
68.557666
63.130220
58.067704
53.370391
49.028332
45.024852
41.339335
37.949296
34.831821
31.964491
29.325944
26.896171
24.656639
22.590295
20.681517
18.916019
17.280738
15.763725
14.354031
13.041601
11.817177
10.672208
9.598772
8.589500
7.637513
6.736362
5.879974
5.062603
4.278785
3.523295
2.791111
2.077373
1.377354
0.686419
0.000000

100.000000
93.733120
87.545531
81.510051
75.688014
70.126435
64.857411
59.899258
55.258671
50.933263
46.914047
43.187587
39.737727
36.546906
33.597090
30.870420
28.349614
26.018217
23.860726
21.862639
20.010448
18.291605
16.694470
15.208245
13.822906
12.529139
11.318271
10.182208
9.113376
8.104670
7.149396
6.241228
5.374160
4.542466
3.740659
2.963453
2.205728
1.462495
0.728862
0.000000

100.000000
94.040887
88.145984
82.375118
76.780193
71.402940
66.274069
61.413631
56.832195
52.532465
48.510986
44.759770
41.267681
38.021570
35.007152
32.209654
29.614282
27.206533
24.972404
22.898514
20.972173
19.181400
17.514929
15.962179
14.513227
13.158767
11.890065
10.698917
9.577600
8.518830
7.515721
6.561736
5.650654
4.776526
3.933641
3.116486
2.319715
1.538112
0.766558
0.000000

100.000000
94.284529
88.622545
83.064441
77.654952
72.431366
67.422647
62.649399
58.124460
53.853898
49.838185
46.073383
42.552242
39.265153
36.200926
33.347415
30.691992
28.221902
25.924519
23.787519
21.799001
19.947559
18.222318
16.612949
15.109670
13.703225
12.384866
11.146323
9.979768
8.877785
7.833334
6.839712
5.890519
4.979622
4.101122
3.249315
2.418663
1.603756
0.799284
0.000000

100.000000
94.474772
88.995373
83.605354
78.344070
73.245240
68.336121
63.637272
59.162806
54.920985
50.915014
47.143909
43.603359
40.286507
37.184641
34.287761
31.585056
29.065262
26.716952
24.528742
22.489452
20.588206
18.814510
17.158288
15.609913
14.160206
12.800432
11.522286
10.317873
9.179680
8.100548
7.073643
6.092424
5.150610
4.242147
3.361175
2.501998
1.659046
0.826849
0.000000

100.000000
94.619279
89.278973
84.017743
78.871001
73.869725
69.039700
64.401188
59.968981
55.752739
51.757531
47.984472
44.431400
41.093528
37.964041
35.034627
32.295916
29.737855
27.350004
25.121768
23.042574
21.102011
19.289919
17.596456
16.012142
14.527880
13.134965
11.825080
10.590284
9.422997
8.315974
7.262282
6.255270
5.288542
4.355924
3.451432
2.569244
1.703664
0.849095
0.000000

100.000000
94.723465
89.483652
84.315859
79.252740
74.323290
69.552148
64.959233
60.559671
56.363986
52.378466
48.605652
45.044877
41.692826
38.544059
35.591496
32.826846
30.240970
27.824178
25.566485
23.457798
21.488068
19.647406
17.926163
16.314984
14.804846
13.387076
12.053357
10.795721
9.606543
8.478518
7.404642
6.378186
5.392667
4.441823
3.519580
2.620021
1.737357
0.865893
0.000000

100.000000
94.791023
89.616467
84.509521
79.501089
74.618880
69.886760
65.324365
60.946973
56.765601
52.787270
49.015403
45.450276
42.089514
38.928568
35.961168
33.179735
30.575739
28.140000
25.862943
23.734804
21.745787
19.886192
18.146504
16.517460
14.990092
13.555754
12.206130
10.933243
9.729436
8.587369
7.499990
6.460521
5.462422
4.499373
3.565240
2.654044
1.759933
0.877150
0.000000

100.000000
94.824258
89.681829
84.604890
79.623493
74.764717
70.052038
65.504938
61.138749
56.964710
52.990190
49.219028
45.651959
42.287065
39.120232
36.145593
33.355924
30.742997
28.297889
26.011234
23.873433
21.874820
20.005792
18.256903
16.618939
15.082960
13.640335
12.282753
11.002228
9.791093
8.641988
7.547840
6.501844
5.497435
4.528262
3.588162
2.671124
1.771267
0.882801
0.000000

100.000000
94.824274
89.681861
84.604938
79.623555
74.764794
70.052129
65.505042
61.138865
56.964839
52.990329
49.219177
45.652117
42.287230
39.120404
36.145771
33.356106
30.743182
28.298076
26.011421
23.873620
21.875005
20.005974
18.257081
16.619111
15.083126
13.640494
12.282904
11.002369
9.791224
8.642108
7.547949
6.501940
5.497518
4.528332
3.588218
2.671167
1.771295
0.882815
0.000000

100.000000
94.791071
89.616561
84.509662
79.501275
74.619109
69.887031
65.324676
60.947321
56.765983
52.787685
49.015847
45.450747
42.090008
38.929081
35.961697
33.180277
30.576290
28.140556
25.863501
23.735360
21.746338
19.886734
18.147033
16.517974
14.990587
13.556226
12.206578
10.933663
9.729826
8.587726
7.500313
6.460807
5.462670
4.499582
3.565408
2.654170
1.760017
0.877192
0.000000

100.000000
94.723543
89.483807
84.316091
79.253046
74.323667
69.552594
64.959744
60.560243
56.364615
52.379149
48.606382
45.045651
41.693638
38.544902
35.592366
32.827738
30.241876
27.825094
25.567404
23.458713
21.488974
19.648298
17.927034
16.315829
14.805660
13.387854
12.054094
10.796412
9.607185
8.479106
7.405173
6.378656
5.393075
4.442166
3.519856
2.620229
1.737496
0.865963
0.000000

100.000000
94.619387
89.279187
84.018061
78.871421
73.870243
69.040311
64.401889
59.969766
55.753603
51.758468
47.985475
44.432462
41.094642
37.965200
35.035822
32.297139
29.739099
27.351260
25.123028
23.043831
21.103255
19.291143
17.597651
16.013302
14.528997
13.136033
11.826091
10.591233
9.423877
8.316781
7.263010
6.255916
5.289102
4.356395
3.451811
2.569529
1.703855
0.849190
0.000000

100.000000
94.474907
88.995641
83.605752
78.344595
73.245887
68.336886
63.638149
59.163789
54.922067
50.916186
47.145164
43.604688
40.287901
37.186090
34.289257
31.586587
29.066819
26.718524
24.530320
22.491024
20.589763
18.816041
17.159785
15.611365
14.161604
12.801768
11.523552
10.319061
9.180782
8.101558
7.074555
6.093233
5.151311
4.242736
3.361650
2.502355
1.659285
0.826969
0.000000

100.000000
94.284688
88.622861
83.064911
77.655572
72.432131
67.423551
62.650435
58.125621
53.855176
49.839570
46.074865
42.553812
39.266800
36.202638
33.349181
30.693800
28.223741
25.926375
23.789381
21.800858
19.949398
18.224127
16.614717
15.111385
13.704877
12.386444
11.147817
9.981170
8.879087
7.834527
6.840789
5.891474
4.980450
4.101818
3.249875
2.419085
1.604038
0.799425
0.000000

100.000000
94.041067
88.146342
82.375650
76.780895
71.403807
66.275093
61.414804
56.833511
52.533912
48.512555
44.761450
41.269460
38.023435
35.009092
32.211655
29.616331
27.208616
24.974507
22.900625
20.974276
19.183483
17.516978
15.964181
14.515170
13.160638
11.891853
10.700610
9.579188
8.520305
7.517072
6.562956
5.651736
4.777464
3.934429
3.117121
2.320193
1.538431
0.766718
0.000000

100.000000
93.733318
87.545923
81.510635
75.688784
70.127385
64.858534
59.900546
55.260113
50.934849
46.915767
43.189428
39.739677
36.548951
33.599217
30.872614
28.351860
26.020501
23.863033
21.864953
20.012754
18.293889
16.696717
15.210440
13.825037
12.531191
11.320231
10.184064
9.115118
8.106287
7.150878
6.242566
5.375346
4.543494
3.741523
2.964149
2.206253
1.462846
0.729037
0.000000

100.000000
93.346356
86.793523
80.432352
74.336440
68.558680
63.131418
58.069077
53.371929
49.030025
45.026687
41.341299
37.951377
34.834003
31.966759
29.328284
26.898568
24.659075
22.592756
20.683986
18.918479
17.283174
15.766122
14.356373
13.043874
11.819366
10.674300
9.600753
8.591358
7.639238
6.737943
5.881402
5.063869
4.279882
3.524217
2.791853
2.077933
1.377728
0.686606
0.000000

100.000000
92.858656
85.849576
79.088972
72.666149
66.639720
61.039666
55.872740
51.128859
46.787026
42.820078
39.198152
35.890999
32.869417
30.106044
27.575720
25.255587
23.125019
21.165474
19.360301
17.694544
16.154742
14.728748
13.405568
12.175213
11.028572
9.957298
8.953714
8.010720
7.121728
6.280587
5.481526
4.719107
3.988170
3.283794
2.601257
1.936000
1.283587
0.639680
0.000000

100.000000
92.238755
84.657261
77.407958
70.599654
64.294611
58.515051
53.253655
48.484072
44.169501
40.268836
36.740646
33.545486
30.647078
28.012749
25.613449
23.423534
21.420440
19.584322
17.897705
16.345155
14.912994
13.589043
12.362408
11.223293
10.162847
9.173023
8.246474
7.376447
6.556705
5.781455
5.045284
4.343103
3.670101
3.021700
2.393515
1.781316
1.180998
0.588545
0.000000

100.000000
91.439164
83.132852
75.286079
68.030070
61.424224
55.472511
50.143027
45.384575
41.138398
37.345474
33.950484
30.903619
28.161074
25.684853
23.442234
21.405111
19.549340
17.854128
16.301498
14.875832
13.563485
12.352462
11.232155
10.193120
9.226896
8.325853
7.483069
6.692220
5.947497
5.243524
4.575301
3.938138
3.327619
2.739545
2.169906
1.614838
1.070596
0.533518
0.000000

100.000000
90.385102
81.148992
72.573558
64.810477
57.899890
51.807956
46.461612
41.773071
37.654337
34.024493
30.812536
27.957786
25.409116
23.123740
21.065916
19.205738
17.518088
15.981761
14.578737
13.293598
12.113053
11.025560
10.021014
9.090506
8.226118
7.420762
6.668046
5.962166
5.297812
4.670095
4.074478
3.506728
2.962857
2.439093
1.931832
1.437611
0.953074
0.474945
0.000000

100.000000
88.952298
78.504532
69.048792
60.738524
53.557065
47.398001
42.122606
37.591997
33.681645
30.285903
27.317678
24.706184
22.394189
20.335413
18.492299
16.834189
15.335872
13.976451
12.738451
11.607126
10.569923
9.616056
8.736173
7.922098
7.166621
6.463327
5.806467
5.190845
4.611731
4.064782
3.545987
3.051607
2.578136
2.122258
1.680813
1.250767
0.829185
0.413202
0.000000

100.000000
86.919600
74.868112
64.378645
55.537876
48.191984
42.104538
37.038997
32.790867
29.194566
26.120032
23.466342
21.155350
19.126320
17.331712
15.733975
14.303147
13.015065
11.850028
10.791797
9.826839
8.943759
8.132861
7.385810
6.695371
6.055207
5.459712
4.903889
4.383241
3.893689
3.431503
2.993247
2.575725
2.175948
1.791093
1.418474
1.055517
0.699730
0.348687
0.000000

100.000000
83.858023
69.669726
58.059875
48.842448
41.568571
35.789302
31.138128
27.338074
24.185902
21.533513
19.272516
17.322773
15.624259
14.131377
12.808985
11.629609
10.571466
9.617053
8.752122
7.964924
7.245662
6.586064
5.979072
5.418599
4.899342
4.416634
3.966333
3.544723
3.148449
2.774449
2.419909
2.082219
1.758941
1.447776
1.146541
0.853143
0.565561
0.281825
0.000000

100.000000
78.842793
61.892938
49.348741
40.203543
33.450642
28.346077
24.386256
21.237531
18.677597
16.555755
14.767601
13.239138
11.916744
10.760737
9.741170
8.835031
8.024333
7.294796
6.634910
6.035272
5.488095
4.986850
4.526000
4.100790
3.707098
3.341313
3.000238
2.681014
2.381068
2.098056
1.829828
1.574395
1.329900
1.094595
0.866821
0.644989
0.427566
0.213059
0.000000

100.000000
69.620232
49.710520
37.238652
29.172396
23.684439
19.758183
16.823374
14.548291
12.731304
11.244420
10.003112
8.949559
8.042973
7.253790
6.560065
5.945152
5.396182
4.903029
4.457594
4.053300
3.684735
3.347380
3.037419
2.751590
2.487072
2.241401
2.012400
1.798130
1.596847
1.406964
1.227030
1.055701
0.891727
0.733930
0.581195
0.432452
0.286671
0.142849
0.000000

100.000000
49.927627
30.090279
20.722976
15.562984
12.356575
10.178889
8.600815
7.401014
6.454968
5.687576
5.050937
4.513086
4.051875
3.651467
3.300229
2.989413
2.712299
2.463630
2.239220
2.035685
1.850247
1.680597
1.524786
1.381156
1.248273
1.124887
1.009897
0.902322
0.801281
0.705975
0.615671
0.529692
0.447410
0.368232
0.291597
0.216968
0.143826
0.071669
0.000000

100.000000
0.000000
0.000000
0.000000
0.000000
0.000000
0.000000
0.000000
0.000000
0.000000
0.000000
0.000000
0.000000
0.000000
0.000000
0.000000
0.000000
0.000000
0.000000
0.000000
0.000000
0.000000
0.000000
0.000000
0.000000
0.000000
0.000000
0.000000
0.000000
0.000000
0.000000
0.000000
0.000000
0.000000
0.000000
0.000000
0.000000
0.000000
0.000000
0.000000

